0 0 0 0 0 0 0 0 0 0 0 0 0 0 0 0 0 0 0 0 0 0 0 0 0 
0 0 0 0 0 0 0 0 0 0 0 0 0 0 0 0 0 0 0 0 0 0 0 0 0 
0 0 0 0 0 0 0 0 0 0 1 1 9 4 1 1 1 1 0 0 0 0 0 0 0 
0 0 0 0 0 0 0 0 0 0 1 1 1 9 1 7 1 1 7 0 0 0 0 0 0 
0 0 0 0 0 0 1 1 4 9 7 7 1 5 6 1 3 9 7 1 0 0 0 0 0 
0 0 0 0 0 0 1 9 1 9 1 8 5 6 5 6 7 7 1 1 0 4 7 0 0 
0 0 0 0 1 7 9 2 1 1 1 6 6 6 5 5 1 5 6 1 9 9 1 0 0 
0 0 0 0 0 7 1 1 1 1 7 6 1 7 6 6 1 7 5 5 6 7 7 1 0 
0 0 0 0 0 1 6 7 7 1 7 7 9 7 8 1 7 6 6 6 6 1 1 0 0 
0 0 0 0 0 1 1 6 7 7 1 2 1 1 1 1 1 7 7 7 7 6 1 1 1 
0 0 0 0 0 1 9 5 7 5 1 1 1 7 6 1 1 1 1 9 9 6 7 1 1 
0 0 0 0 0 0 1 9 5 5 7 1 7 7 7 6 6 7 1 1 4 9 6 9 9 
0 0 0 0 0 1 1 3 8 6 6 4 9 1 1 6 6 7 7 1 1 6 1 4 9 
0 0 0 0 0 0 0 0 1 7 7 7 1 1 1 1 8 6 7 1 1 6 1 1 0 
0 0 0 0 0 0 0 0 1 1 1 7 9 0 0 2 7 9 1 1 1 1 0 0 0 
0 0 0 0 0 0 0 0 0 0 0 0 0 0 0 9 9 1 1 9 0 0 0 0 0 
0 0 0 0 0 0 0 0 0 0 0 0 0 0 0 1 1 9 4 1 9 0 0 0 0 
0 0 0 0 0 0 0 0 0 1 1 1 9 9 0 0 0 0 0 0 1 0 0 0 0 
0 0 0 0 0 0 0 0 1 7 7 1 1 4 0 1 1 1 0 0 0 0 0 0 0 
0 0 0 0 0 0 0 0 9 6 6 4 1 1 9 1 7 7 7 3 0 0 0 0 0 
0 0 0 0 0 0 0 7 7 5 8 1 3 1 1 7 8 7 1 0 0 0 0 0 0 
0 0 0 0 0 0 0 0 4 1 1 1 5 5 1 9 1 1 1 0 0 0 0 0 0 
0 0 0 0 0 0 0 0 0 0 1 7 5 7 1 2 1 1 0 0 0 0 0 0 0 
0 0 0 0 1 0 0 0 0 0 1 7 8 7 7 1 0 0 0 4 0 0 0 0 0 
0 0 0 1 1 9 1 0 0 0 1 1 6 7 9 1 4 0 1 1 1 0 0 0 0 
0 0 9 1 7 1 4 9 0 0 2 1 9 6 7 1 9 0 3 8 6 9 0 0 0 
0 0 9 3 7 1 9 1 0 0 0 4 9 5 1 9 0 7 5 6 9 4 0 0 0 
0 0 0 1 6 1 1 1 1 0 0 0 1 1 7 1 0 7 7 7 1 0 0 0 0 
0 4 1 8 6 1 7 1 1 0 0 0 0 7 7 0 0 0 0 0 0 0 0 0 0 
0 9 7 1 4 1 6 9 3 0 0 0 0 0 0 0 0 0 0 0 0 0 0 0 0 
0 0 1 9 1 7 6 6 7 0 0 0 0 0 0 0 0 0 0 0 0 0 0 0 0 
4 0 0 1 1 1 1 8 6 7 0 0 4 8 0 0 0 0 0 0 0 0 0 0 0 
9 0 1 9 1 2 5 5 1 0 0 0 1 5 0 0 0 0 0 0 0 0 0 0 0 
9 1 0 2 9 1 1 8 1 7 6 9 9 1 6 0 0 0 0 0 0 0 0 0 0 
7 3 1 1 1 7 1 1 7 6 5 7 4 1 7 0 0 0 0 0 0 0 0 0 0 
7 7 1 9 1 9 7 1 1 7 3 8 7 1 9 0 0 0 0 0 0 0 0 0 0 
6 1 4 9 0 7 9 9 1 1 1 1 1 1 4 0 0 0 0 0 0 0 0 0 0 
6 8 7 5 7 0 1 4 7 0 0 6 5 9 0 0 0 0 0 0 0 0 0 0 0 
6 5 7 6 6 0 0 0 0 0 0 0 0 0 0 0 0 0 0 0 0 0 0 0 0 
5 5 5 5 5 5 0 0 0 0 0 0 0 0 0 0 0 0 0 0 0 0 0 0 0 
